RUNGE-KUTTA METHOD FOR SYSTEMS OF DIFFERENTIAL EQUATIONS

    T          W1          W2          W3
0.000  5.00000000 -9.00000000 -5.00000000
0.200  5.85399925 -6.58493690 -5.51120222
0.400  8.38330900 -4.90201610 -5.84129949
0.600 13.58890681 -2.95418927 -4.51808620
0.800 23.41761332  1.48419015  2.56362979
1.000 41.49825592 13.88034475 26.10907731
1.200 74.49594922 47.66792292 92.83361931
1.400 134.58778600 135.26098840 267.46411360
1.600 243.97809730 353.50436490 703.62173380
1.800 443.12659480 882.03172470 1760.52619100
2.000 805.73782190 2136.25111200 4268.95883500
