RUNGE-KUTTA METHOD FOR SYSTEMS OF DIFFERENTIAL EQUATIONS

    T          W1          W2          W3
0.000  3.00000000 -1.00000000  1.00000000
0.100  2.95601283 -1.19086301  1.17431207
0.200  2.82820001 -1.36717100  1.29430535
0.300  2.62300502 -1.53516736  1.35508120
0.400  2.34715282 -1.70213314  1.35096843
0.500  2.00762954 -1.87660336  1.27532972
0.600  1.61165492 -2.06862759  1.12031748
0.700  1.16664855 -2.29008513  0.87656855
0.800  0.68019035 -2.55506790  0.53282506
0.900  0.15997622 -2.88034679  0.07546587
1.000 -0.38623048 -3.28594071 -0.51207026
